01234567890123
160001    1234
160101    1111
160111    1111
16021444444444
16621111111111
14231234125155
12312312312312
12312312312312
12312312332321
              
1
12312312312312
12312312312311
12312312312313
12312312312312
12312312312312
12312312332321
              
1
12312312312312
12312312312311
12312312312313
12312312312312
12312312312312
12312312332321
              
1
12312312312312
12312312312311
12312312312313
12312312312312
12312312312312
12312312332321
              
1
12312312312312
12312312312311
12312312312313
12312312312312
12312312312312
12312312332321
              
1
12312312312312
12312312312311
12312312312313
12312312312312
12312312312312
12312312332321
              
1
12312312312312
12312312312311
12312312312313
12312312312312
12312312312312
12312312332321
              
1
12312312312312
12312312312311
12312312312313
12312312312312
12312312312312
12312312332321
              
1
12312312312312
12312312312311
12312312312313
12312312312312
12312312312312
12312312332321
              
1
12312312312312
12312312312311
12312312312313
12312312312312
12312312312312
12312312332321
              
1
12312312312312
12312312312311
12312312312313
12312312312312
12312312312312
12312312332321
              
1
12312312312312
12312312312311
12312312312313
12312312312312
12312312312312
12312312332321
              
1
12312312312312
12312312312311
12312312312313
12312312312312
12312312312312
12312312332321
              
1
12312312312312
12312312312311
12312312312313
12312312312312
12312312312312
12312312332321
              
1
12312312312312
12312312312311
12312312312313
12312312312312
12312312312312
12312312332321
              
1
12312312312312
12312312312311
12312312312313
12312312312312
12312312312312
12312312332321
              
1
12312312312312
12312312312311
12312312312313
1
12312312312312
12312312312311
12312312312313
12312312312312
12312312312312
12312312332321
12312312312312
12312312332321
              
1
12312312312312
12312312312311
12312312312313
12312312312312
12312312312312
12312312332321
              
1
12312312312312
12312312312311
12312312312313
12312312312312
12312312312312
12312312332321
              
1
12312312312312
12312312312311
12312312312313
12312312312312
12312312312312
12312312332321
              
1
12312312312312
12312312312311
12312312312313
12312312312312
12312312312312
12312312332321
              
1
12312312312312
12312312312311
12312312312313
12312312312312
12312312312312
12312312332321
              
1
12312312312312
12312312312311
12312312312313
12312312312312
12312312312312
12312312332321
              
1
12312312312312
12312312312311
12312312312313
12312312312312
12312312312312
12312312332321
              
1
12312312312312
12312312312311
12312312312313
12312312312312
12312312312312
12312312332321
              
1
12312312312312
12312312312311
12312312312313
12312312312312
12312312312312
12312312332321
